3035
290,625 502,5 37,63
287,5 487,5 41,49001
309,5625 453 48,16
277,875 462,5 36,32001
279,375 428 50,48
284 449,5 45,82001
288,375 464,5 44,41
303,5 467,5 39,03999
300,9375 486 39,60001
324,8125 493,5 50,37
298,4375 504 38,17
300,3125 484,5 39,58
327,75 445,5 42,2
322,25 437,5 41,31
292,125 444 42,3
273,375 427,5 39,25
293,5625 437,5 39,78
287,375 458,5 41,81
299,8125 459 40,78
328,0625 450 51,09
298,5625 490 37,75
320,5 498 39,75999
296,6875 497,5 37,14
276,25 493 35,95
324,4375 432,5 41,10001
303,75 433 40,42
294,3125 443 39,83
293,5625 471 38,64999
324,5 503,5 42,71001
301,9375 478,5 38,95
275,25 479 35,87
298,75 438,5 40,09
311,6875 438,5 40,95
277,125 426,5 43,49001
285,25 433 43,47
277,3125 438 46,23
271,9375 443 37,34
274,25 446,5 43,5
308,875 446 47,64999
299,4375 451 39,58
269,5625 458 37,78999
291,0625 459 38,48
306,5 461 46,88
319,3125 464 41,53
325,5 467 43,34
320,3125 471 41,11
293,25 478 38,34
267,8125 484,5 35,82001
280,8125 487 36,33
296,375 489,5 37,33
298,8125 493 36,95
309,1875 495,5 44,3
308,5625 499,5 44,10001
305,1875 504,5 44,49001
272,4375 425,5 39,88
272,6875 426 39,92999
274,1875 427 43,64999
274,875 427 43,59
276,5 427,5 40,75999
277 427 47,05
280,5625 426 56,89001
279,8125 427,5 49,64999
281,9375 427 51,31
284,5625 427 39,50999
286,0625 426,5 36,64
287,8125 427,5 39,92
289,875 427,5 40,13
293,1875 427 39,64999
296,8125 427,5 39,89999
271,9375 428,5 43,55
272,375 429 39,31
275,3125 428 39,89999
274,8125 429,5 37,53
277,5 429 37,62
277,125 430 37,53999
279,8125 429 43,5
282,8125 428 39,69
282,0625 429,5 43,37
285,125 428,5 41,05
285 430 42,64
287,375 429 42,2
290 428 39,84
288,875 429,5 39,83
291,8125 428,5 39,64
291,3125 430 39,73
293,875 429,5 39,72
296,625 428 39,86
296,125 430 39,89
299,1875 428,5 39,87
299,1875 430 39,91
301,125 429 39,91
304,5625 428 40,47
303,875 429,5 40,34
304,875 429 40,59
308,25 428 41,21001
308,5 429,5 41,17999
311,0625 429 41,39
312,6875 429 41,42999
314,9375 429 42,48
318 429 42,8
320,5 430 41,17999
323,75 430 41,08
272,4375 430 37,5
272,875 431,5 37,49001
275,5625 430,5 37,52
275 432,5 37,46001
278,5 431 39,06
281,0625 430 38,34
280,5 432 46,24001
283,3125 431 43,02
282,8125 432,5 46,27
285,8125 431 42,87
286,6875 430,5 42,85001
288,1875 432 41,8
288,3125 431 39,88
289,4375 432,5 39,8
292,75 431 39,60001
293,25 430,5 39,67
294,875 432 39,86
295,4375 431 39,89
297 432,5 40
297,9375 431,5 39,97
300,875 430,5 39,96001
300,375 432 40
303,125 431 40,24001
304,9375 430,5 40,59
305,375 432 40,64999
308,5625 430,5 41,12
308,1875 432 40,97
310,625 431,5 41,24001
313,8125 430,5 42,74001
313,0625 432 41,25
315,8125 431 41,31
314,625 432 41,21001
317,5 431 42,27
319,5 430,5 41,21001
319,625 432 41,2
323 430,5 41,09
322,3125 432 41,03999
325,1875 431 41,02
325,625 430,5 41,03999
327,3125 432 41,03
328,125 431 41,03999
330,0625 432 41,11
271,9375 432,5 37,47
272,875 433 37,49001
274,3125 434,5 37,46001
274,75 434 37,48
277,5625 433 46,2
277,4375 434 46,08
280,125 433 47,2
279,9375 434,5 47,14999
282,3125 434 46,42
285,25 432,5 43,59
284,6875 434 45,53
287,3125 433 43,36
288,1875 434,5 40,5
289,3125 433,5 39,72
291,9375 432,5 39,64999
291,25 434,5 39,69
293,9375 433,5 39,81
294,0625 434,5 39,87
296,4375 433,5 40
299,1875 433 39,99001
298,5 434,5 40,02
301,5625 433 40,10001
302,25 434,5 40,12
304,125 434 40,39
306,6875 432,5 40,8
306,25 434 40,64999
309,0625 433,5 40,96001
309,75 433 41,08
311,375 433,5 41,09
312,25 433 41,17999
313,75 434,5 41,13
316,1875 433 41,2
316,1875 434,5 41,16
318,1875 433,5 41,2
320,75 432,5 41,14999
320,1875 434,5 41,17999
323,125 433,5 40,96001
323,875 432,5 41,03999
325,3125 434 40,99001
325,875 433 40,97
327,6875 434,5 41,3
328,625 433,5 41,23
330,375 433 41,19
271,1875 436 37,44
272,25 435,5 37,45
273,6875 437 37,45
275,5625 435,5 45,63
275,5 437 42,94
276,875 436 45,96001
280,1875 435 47,22
280,3125 436 47,2
281,875 435,5 46,60001
281,5625 437 46,73
285,25 435,5 43,48
284,75 437 45,36
286,625 436 42,25
286,25 437 40,98
289,8125 436 39,78999
288,5625 437 39,91
292,375 436 40,28
293,125 435 39,74001
293,625 436,5 39,78999
295,5625 435 39,95
297,1875 436,5 40,03999
299,0625 435 40
298,625 437 40,00999
300,375 435,5 40
301,8125 437 40,16
303,875 435,5 40,28999
304,125 437,5 40,31
304,8125 436,5 40,36
308,625 435 40,81
308,5625 436 40,75999
310 435,5 40,89999
309,3125 437 40,78999
313,5 435,5 41,06
313,25 436,5 41,00999
314,5 435,5 41,07001
315,875 436,5 41,07001
317,1875 436 41,13
317 437 41,06
320,625 436 41,17999
321,5625 435 41,09
321,8125 436,5 41,13
323,8125 435 40,88
325,1875 436,5 41,02
327,25 435,5 41,31
326,5 437 41,37
328,5 435,5 41,45
330,0625 437 41,38
271,5 438 37,41
272,25 438 37,42999
274,125 438,5 37,42
274,6875 438,5 42,91
276,3125 439,5 45,74001
277,0625 439 46
279,8125 438 47,16
279,25 439,5 47,16
282,5625 438 46,33
284,1875 437,5 45,67999
285 438,5 45,42
288,25 437,5 39,91
287,5 439,5 40,88
290,0625 438,5 39,87
291,9375 437,5 41,41
292,125 438,5 39,81
294,9375 438 39,88
294,3125 439,5 41,42999
297 438,5 39,99001
298 438 39,98
299,75 439 39,96001
300,5 438 40
301,9375 439,5 40,03999
302,375 439 40,08
305,25 438 40,33
304,875 439,5 40,25999
308,0625 438,5 40,56
309,8125 437,5 40,78
310,0625 439 40,72
313 438 40,94
312,4375 439,5 42,39999
315,375 438 41,92999
316,3125 439,5 41,02
317 439 41,03999
319,8125 438 41,14
319,0625 439,5 41,12
322,375 438 41,19
324,375 437,5 41,21001
324,375 439 41,32001
327,3125 438 41,53999
326,75 439,5 41,45
329,9375 438 41,77
330,625 438,5 41,87
271,25 441,5 37,37
274,125 440,5 37,45
274,5 440 37,46001
276,625 441 45,8
277,375 440 46,21001
278,6875 441,5 46,75
279,5 441 47,14999
282,25 440 46,42999
281,625 441,5 46,66
284,875 440 45,36
284,6875 442 45,44
287,0625 441 40,37
289,8125 440 39,87
288,9375 441,5 40,39
291,4375 440,5 39,78
291,5 442 39,83
293,9375 440,5 39,86
296,875 440 39,92999
296,125 441,5 39,87
299,0625 440,5 39,94
299,5625 442 39,86
301,5625 441 39,94
304,25 440 40,17999
303,75 441,5 40,12
306,9375 440,5 40,41
307,5625 440 40,50999
309 441 40,58
309,8125 440 40,64
311,5 441,5 41,17
311,9375 441 40,82001
315,375 440 43,35001
316,125 441 42,52
316,6875 440 41,00999
318,1875 441,5 41,16
318,875 441 41,14
321,625 440 41,2
321,375 441 41,19
324,1875 440 41,28
323,8125 442 41,10001
326,375 441 41,41
329,6875 439,5 41,73
329 441,5 41,69
272 442,5 37,37
273,375 442 37,52
273 443,5 39,09
276,25 442,5 45,75999
275,5625 444 45,37
278,375 443 46,64
281,3125 442 46,78999
280,75 443,5 47
283,5625 442,5 45,88
283 444 46,09
285,8125 443 44,89
286,25 442,5 44,35001
286 443,5 44,86
288,5 442,5 39,85001
289,5 444 41,3
292,8125 443 40,52
295,1875 442 39,78999
294,8125 443,5 39,75
295,625 443 39,82001
297,3125 443,5 39,8
298 443,5 39,81
300,6875 442,5 39,83
302,3125 443,5 39,92
302,625 443 39,97
304,875 442 40,2
305,375 443,5 40,12
308,0625 442,5 40,22
307,5625 444 39,21001
310,4375 443 39,89999
312,625 442 40,63
312,625 443,5 40,47
315,5625 442,5 42,06
314,25 444 41,33
317,125 443 41,05
318,875 442 41,25
319,125 443,5 42,95
322,4375 442,5 41,14
321,6875 444 41,17999
324,3125 443 41,08
326,75 442 41,38
327 443,5 41,37
329,625 442,5 41,75
329,0625 444 41,73
270,9375 445,5 37,53
274,375 444,5 43,82001
273,5625 446 37,58
276,3125 445 45,82001
277,25 444,5 46,17
278,625 445,5 46,74001
279,1875 445 47,07001
281 446 46,89999
281,875 445,5 46,52
284,5 444,5 45,46001
283,625 446 45,8
287,1875 445 40,23
286,9375 446,5 40,89
288,9375 445,5 39,84
291,5 444,5 39,83
290,875 446 39,84
293,5625 445 39,69
295,25 446 39,71001
296,25 445,5 39,74001
298,875 444,5 39,75999
298,3125 446 39,71001
301,5 445 39,82001
301,375 446,5 39,82001
303,75 445,5 40,47
306,5 444,5 39,3
305,75 446 38,92
309,0625 445 38,95
309,25 444,5 38,95
311,3125 445,5 43,89
312,1875 445 39,64
313,5625 446 47,72
316,25 445 40,85001
316,3125 446,5 44,48
318,4375 445,5 41,14999
321 444,5 41,17
320,125 446 41,69
321,25 445,5 41,16
323,75 444,5 41,09
323,4375 446 41,10001
326,5 445 41,47
325,75 446,5 41,42999
328,75 445,5 41,75999
270,375 447 37,33
270 449 37,14
273,1875 447,5 37,55
275,1875 446,5 42,95
275,1875 448 37,61
278,3125 447 46,57001
277,875 448,5 46,39999
280,25 447,5 48,11
283 447 46,07001
283,0625 448 46,02
285,625 447 45,00999
285,125 449 45,2
288,25 447,5 39,82001
288,6875 447 39,82001
289,4375 448 39,74001
292,3125 447 39,7
291,625 449 39,75999
294,75 447,5 39,63
297 446,5 39,71001
296,9375 448 39,66
300 447 39,69
299,375 448,5 39,62
302,0625 447,5 40,46001
302,75 447 41,42
304,375 448 38,94
304,875 447,5 42,03
306,8125 448,5 46,92999
307,375 448 47,12
310 447,5 48,19
309,4375 449 48,03999
312,75 447,5 48
314,4375 446,5 47,34
314,25 448 47,41
316,625 447 44,33
318,5 448 43,64999
318,75 447,5 43,42
321 448,5 41,14999
321,25 448 41,14
324,3125 447 41,12
323,625 448,5 41,07001
326,5 448 41,72
328,6875 447 42,14999
329,6875 448 42,25999
270,8125 449,5 38,83
270,75 451 37,32001
273 450,5 37,66
276 449 45,71001
275,5625 450,5 45,67
278,4375 449,5 46,67999
279,125 449 47
281 450 46,83
281,5 449,5 46,64
283,25 450,5 45,91
283,6875 450 45,75
286,6875 449 41,5
286,1875 451 43,27
288,875 449,5 39,78
289,8125 451 39,75
292,75 449,5 40,28
293,5 449 39,62
295,25 450 39,58
295,5 449,5 39,59
297,5 450,5 39,55
298,1875 450 39,59
300,9375 449 40,64999
300,0625 451 39,5
303,1875 449,5 38,89
303,4375 451 38,88
305,6875 450 45,24001
308,625 449 47,66
308 450,5 47,47
311,1875 449,5 48,58
311,75 449 48,39999
313,5 450 47,67999
316,0625 449 44,83
315,0625 450,5 47,10001
317,5 449,5 44,00999
318,0625 451 43,78
320,1875 450 41,84
322,875 449 41,08
322,1875 450,5 41,09
325,5 449,5 41,41
325,75 449 41,47
327,5625 450 41,50999
328,75 449,5 42,19
269,75 452,5 36,87
271,875 452 37,57001
272,4375 451,5 37,59
272,25 453 37,57001
275,0625 452 42,92999
276,875 451 46,08
277,25 453 46,28
280,5 451,5 47,03
279,875 453 47,24001
282,875 452 46,03999
285 451,5 45,22
284,875 453 45,25999
288,125 451,5 40,32001
287,625 453 39,86
290 452 39,77
291,375 451 39,81
291,6875 453 39,73
294,875 451,5 39,5
294,375 453 39,5
297 452 39,48
300 451 39,50999
299,1875 452,5 39,42999
302,125 451,5 38,87
301,9375 453 38,8
302,5625 452,5 38,83
305,3125 451,5 44,44
304,875 453 44,88
307,5 452 47,25999
309,6875 451 48,13
310,25 452,5 48,39
312,875 451,5 47,89999
312,4375 453 48,10001
314,6875 452 47,22
316,25 453 46,64
316,5625 452,5 45,67
319,75 451,5 41,99001
319,3125 453 41,47
321,9375 452 41,08
324,3125 451,5 41,17999
324,125 453 41,2
327,5 451,5 41,35001
326,8125 453 42,33
328,8125 453 42,74001
271,4375 453,5 38,39
271 455,5 37,58
274,0625 454 42,67999
274,6875 453,5 43,5
276,1875 455 45,85001
276,8125 454,5 46,12
278,8125 455 46,89999
279,375 454,5 47,12
282,3125 453,5 46,23
281,4375 455,5 46,59
284,5625 454 45,38
283,6875 455,5 45,71001
286,8125 454,5 40,64999
289,3125 454 39,75999
288,375 455 39,52
291,125 454 39,72
292,8125 455,5 40,36
293,25 454,5 40,82001
296,3125 453,5 39,42999
295,75 455 39,38
298,4375 454,5 39,37
298,125 455,5 39,31
300,9375 454,5 38,84
303,75 453,5 39,95
303,1875 455 38,78
305,75 454,5 44,88
306,0625 455,5 44,89
308,3125 454,5 47,60001
311 454 48,62
310,375 455,5 48,42
313,5 454 47,69
314,25 453,5 47,39
314,9375 455 47,11
317,6875 454 41,48
317,4375 455,5 42,78999
320,0625 454,5 41,78999
320,5625 455,5 41,12
322,5625 455 41,06
325,25 454 41,69
325,0625 455 42,08
327,8125 454 42,66
328,6875 453,5 42,75
269,25 456,5 36,45
272 456 37,58
271,4375 457,5 37,16
274,4375 457 37,58
275 456 37,57001
276,625 457,5 46,07001
277,25 457 46,3
279,125 456 47,03999
279,875 457 47,28
282,5625 456,5 46,13
281,9375 458 46,35001
284,8125 457 45,22
287,75 456 41,39999
287,4375 457 41,57001
289,875 456,5 39,39999
288,8125 457,5 41,37
291,5 457 39,37
293,6875 456 39,36
294,25 457 39,41
296,9375 456,5 39,34
296,3125 458 39,28
299,1875 457 39,23
301,875 456 38,77
301,8125 457 41,2
304,5625 456,5 44,87
304,125 458 41,16
304,875 457 44,87
307,4375 456,5 47,19
307,1875 458 47,12
310,125 456,5 48,39999
311,9375 456 48,28
312,25 457,5 48,14
315,3125 456 46,94
316,0625 457,5 46,62
316,875 456,5 46,42
318,375 458 41,89999
319,0625 457,5 41,25
321,75 456,5 41,06
321,125 458 41,10001
324,375 456,5 42,06
326,625 456 42,5
326,625 457,5 42,64999
329 456,5 43,12
268,8125 460 35,96001
271,0625 459 35,95
274,1875 458 37,58
273,25 460 35,94
276,3125 458,5 46,10001
277 458 46,28
278,5 459,5 43,96001
279,1875 458,5 47,2
281 459,5 44,58
281,375 459 45,67
284,1875 458 45,48
283,8125 459,5 45,50999
286,4375 459 45,13
286,125 460,5 45,19
288,375 459,5 44,31
290,9375 458 39,37
292,75 459 40,34
293,25 459 40,17999
295,125 460 39,14
295,5 459,5 39,14999
298,375 458,5 39,14999
297,8125 460 39,11
300,8125 458,5 40,95
300,125 460,5 38,85001
302,9375 459,5 40,87
305,9375 458 44,31
305,3125 459,5 45,22
308,1875 459 47,60001
308,375 460 47,64999
310,6875 459,5 48,59
313,5625 458,5 47,60001
312,75 460 47,91
315,5625 459 46,8
314,375 460 47,34
317,25 459 44,89999
320,0625 458 42,11
319,625 460 41,13
322,25 459 41,09
322,625 460 41,08
324,8125 459 42,52
327,375 458,5 42,87
326,8125 460 42,81
328,6875 460 43,41
271,4375 460,5 35,87
271,25 462 35,81
274 461 36,37
273,875 462 35,91
276,5625 461 37,07001
277,4375 461 36,03
278,875 462 36,37
279,6875 461,5 43,27
281,1875 462,5 44,49001
281,6875 462 44,7
284,9375 460,5 45,77
284,4375 462,5 46,8
287,1875 461,5 44,74001
289,625 460,5 43,78999
288,875 461,5 44,07001
291,6875 460,5 38,74001
291,0625 462,5 42,91
293,9375 461 40,03
295,75 460,5 39,11
295,9375 462 39,02
299,375 460,5 40,36
298,8125 462,5 38,92
301,5625 461,5 38,89
304,3125 460,5 39,10001
303,6875 462 38,85001
306,9375 460,5 47,13
306,3125 462,5 47,00999
309 461,5 47,98
309,875 461 48,34
311,4375 462 48,89999
311,9375 461,5 48,27
314,0625 460,5 47,49001
316,375 461,5 46,56
316,625 460,5 46,53999
318,4375 462 41,67999
319,1875 461,5 41,14
321,25 460,5 41,05
321,875 462 41,09
324,6875 461 42,46001
324,125 462,5 42,11
326,6875 461,5 42,84
328,375 460,5 43,46001
269,6875 463,5 35,75999
270,8125 463 35,78
270,3125 465 36,32001
274,4375 463,5 35,92999
273,75 465 36,91
275,125 464 35,95
277,1875 463 35,98
279 463,5 41,7
280,4375 463 44,25999
279,8125 464,5 44,14999
282 463,5 44,84
283,4375 464,5 45,44
285,25 463,5 45,5
284,625 465 45,78999
286,5 463,5 44,98
288,125 465 44,33
289,4375 463,5 43,87
290,5 465 43,57001
292,25 464 38,66
294,1875 463 39,03
293,6875 464,5 39,49001
297,5 462,5 39
297,1875 464,5 38,91
298,5625 463,5 38,89999
298,4375 464,5 38,74001
302,3125 463,5 38,88
301,75 465 38,91
303,375 464 38,87
305,25 462,5 39,08
306,75 464 47,11
308,875 462,5 47,92
308,125 464,5 47,66
310 463,5 48,44
311,4375 464,5 48,50999
313,4375 463,5 47,71001
312,8125 465 47,92999
314,375 464 47,32001
315,25 465 46,97
317,5625 463,5 45,8
319,0625 463 41,60001
321 464 41,09
322,9375 463 41,11
322,375 464,5 41,05
323,8125 463,5 41,21001
325,5625 464,5 42,86
327,5625 463 43,11
327 465 44,16
269,3125 466 35,67
271,375 465,5 35,78
270,9375 467 36,64999
273,75 466 37,2
274,375 467,5 35,91
276,3125 466,5 37,64
276,8125 466 37,75999
278,5 467 36,55
279,3125 466,5 43,63
281,9375 465,5 44,89
281,375 467 44,62
284,6875 466 45,74001
283,75 467,5 45,64999
286,8125 466,5 44,84
289,3125 465,5 43,86
288,375 467 44,17999
291 466 43,53
292,875 467 38,57001
293,625 466,5 38,8
296,4375 465,5 38,84
295,75 467 38,77
298,5 466 38,67
298,6875 467,5 38,61
301,125 466,5 38,82001
303,8125 465,5 38,88
303,25 467 38,86
306,625 466 47,06
307,1875 465 47,32001
308,6875 466,5 47,91
309,375 466 48,17
310,875 467 48,67
311,8125 466,5 48,33
314,8125 465,5 47,12
315,75 466,5 46,71001
318,375 465,5 41,67999
317,75 467 44,22
320,75 466 41,10001
321,3125 465,5 41,11
323,25 466,5 41,22
324 466 42,48
325,375 467 43,16
326,125 466,5 43,36
328 467 50,44
269,75 469 35,63
270,5 468,5 36,28
272,3125 467,5 35,75
272,75 469 35,75
275,875 468 35,96001
275,125 469,5 35,92
277,9375 468,5 36,14
280,0625 467,5 44,23
280,5 469 44,31
283,1875 468 45,45
282,4375 469,5 45,09
285,625 468,5 45,2
286,0625 468 45,00999
287,8125 469 44,32001
290,6875 468 39,67
289 470 43,82001
292,1875 468,5 38,52
294,5625 467,5 38,83
294,375 469,5 38,75
297,4375 468 38,7
296,9375 469,5 38,60001
299,6875 468,5 38,85001
300,25 468 38,82001
301,9375 469 38,85001
302,3125 468,5 38,86
304,3125 469,5 44,86
304,8125 469 44,78
307,5 468,5 47,44
307,1875 469,5 47,36
309,9375 468,5 48,39999
311,75 467,5 48,32001
312,125 469,5 48,16
314,9375 468 47,05
316,375 469 46,5
316,4375 468,5 46,50999
318,25 469,5 41,3
318,75 469 41,25
321,625 468,5 41,08
321,5 469,5 41,10001
324,0625 468,5 43,25
326 467,5 43,41
326,25 469 43,66
268,125 470,5 35,48
268,375 472 35,45
270,875 471 35,63
273,6875 470 35,84
272,9375 471,5 35,71001
276,1875 470,5 35,94
276,5625 472 35,95
278,625 471 42,39999
279,25 470,5 42,5
280,875 471,5 44,46001
281,5625 471 44,78
284,5625 470 46,63
283,625 471,5 45,67
286,5625 470,5 44,81
286,3125 472 44,89
288,6875 471 43,99001
291 470 38,32001
292,875 471,5 38,39999
293,5625 470,5 38,53999
295,375 471,5 38,53999
295,75 471,5 38,57001
298,75 470 39,56
298,4375 471,5 38,46001
300,9375 471 38,83
300,8125 472 38,8
303,3125 471,5 38,88
306,1875 470 46,92
305,75 471,5 44,33
308,625 471 47,89999
309,4375 470 48,28
311,1875 471 48,41
311,75 470,5 48,21001
313,4375 471,5 47,50999
316,0625 470,5 46,45
315,5 472 46,67
317,9375 471 41,98
320,625 470 41,12
320,3125 471,5 41,10001
323,125 470,5 41,23
324,0625 470 43,24001
325,375 471,5 43,74001
326 470,5 43,78
326,375 472 43,84
267,625 473,5 35,14
270,5 472,5 35,60001
269,875 474 35,46001
272,6875 473 35,7
274,5 472 35,86
275,25 473,5 35,86
277,8125 472,5 36,07001
277,4375 474,5 36,08
280,3125 473 44,3
282,375 472 45,16
282,625 473,5 45,25999
285,625 472,5 45,12
285,125 474 45,37
287,625 473 44,37
290,6875 472,5 38,25999
289,6875 473,5 43,60001
292,3125 472,5 38,34
291,625 474 40,53999
294,3125 473 38,47
296,5625 472,5 38,47
296,875 473,5 38,44
299,5625 472,5 38,53
298,9375 474,5 38,25999
302 473 39,96001
302,3125 472,5 39,42999
304,1875 473,5 44,82001
304,75 473 44,86
306,25 474,5 47
307,0625 473,5 47,33
310 472,5 48,5
309,4375 474 48,32001
312,25 473,5 47,98
313,9375 472,5 47,3
313,9375 473,5 47,28999
316,5625 472,5 45,03999
318,625 473,5 41,92
319,4375 473 42,06
320,8125 474,5 41,07001
321,4375 473,5 41,05
324,125 473 43,67
324 474 43,58
326,875 473,5 44,24001
268,6875 475 35,3
268,0625 476,5 35,21001
271,25 475 35,60001
271,25 476,5 35,57001
273,5625 475,5 35,78
276,125 475 35,88
275,5 476,5 35,85001
278,875 475 36,61
279,3125 474,5 36,89999
280,9375 476 44,58
281,6875 475 44,85001
283,625 476 45,7
283,6875 476 45,71001
287,1875 474,5 44,53999
286,375 476 44,83
288,875 475,5 43,83
290,25 476,5 41,97
293,0625 475 38,33
293,625 475 38,35001
293,375 476 38,31
296 475 38,37
295,4375 476,5 38,28
298,3125 476 38,17
301,375 474,5 38,8
300,875 476 39,49001
303,75 475 38,91
303,9375 476,5 44,96001
305,6875 475,5 44,88
309,1875 474,5 48,17
308,5 476 47,91
311,25 475,5 48,36
312 474,5 48,06
313,375 476 47,50999
313,875 475 47,34
315,125 476,5 46,8
318,0625 475 41,09
318,5 476,5 41,08
320,375 476 41,03999
323,0625 475 41,17999
322,875 476 41,02
323,5 475,5 42,81
326,3125 474,5 43,97
327,3125 476 44,27
267,5625 478 35,14
269,75 479 37,08
270,1875 478 35,5
273,125 477 35,72
272,625 479 35,69
275,125 478 35,82001
277,25 477 36,00999
277,9375 478 36,05
280,5 477,5 44,46001
280 479 44,24001
282,75 478 45,35001
285,75 477 45,06
285,4375 478 45,17
286,1875 477,5 44,89
287,625 479 44,28999
290,25 478 38,37
291,875 477 39,92999
292,3125 478 38,25
295,0625 477 38,25
294,5625 478,5 38,17
297,125 478 38,17
297,8125 477,5 38,17999
299,9375 478 39,83
300,5 477,5 39,88
302 479 39,58
302,8125 478 38,84
305,4375 477,5 44,3
304,75 479 45,21001
308,125 477,5 47,78
310,25 477 48,64999
310,1875 478,5 48,61
313,1875 477,5 47,57001
312,5 479 47,81
315 478 46,34
316,3125 479 44,10001
317,125 478 41,31
319,6875 477,5 41,02
319,3125 479 41
322,4375 477,5 40,96001
324,6875 477 43,73
324,75 478 43,78
326,1875 477,5 44,02
267 481 35,36
269,3125 480,5 35,47
271,8125 479,5 35,67999
271,3125 481 37,39
273,9375 480 35,84
274,5625 479,5 35,75999
276,5 480,5 35,89999
277 479,5 35,92999
278,625 481 41,39999
279,5625 480 44,13
282,1875 479 45,16
281,625 480,5 44,89999
284,4375 480 45,71001
284,1875 481,5 45,62
286,9375 480 44,55
289,6875 479,5 41,49001
288,5625 480,5 43,98
290,875 480 38,41
293 480,5 38,36
293,5 480 38,2
296,125 479,5 38,07001
295,625 481 37,92999
298,75 479,5 37,92
298,4375 481,5 37,8
300,625 480,5 39,64
304 479 44,87
303,375 480,5 38,91
306,125 480 46,99001
306,3125 481 47,05
308,5625 480 48
311,25 479,5 48,27
310,6875 481 48,50999
313,75 479,5 47,32001
314,0625 479,5 47,19
315,3125 480,5 47
317,75 479,5 43,53
317,25 481 43,8
320,4375 479,5 41
320,5 481 40,98
322,4375 480,5 40,95
325,125 479,5 44,05
325 480,5 43,96001
326,0625 480,5 44,06
267,6875 481,5 35,58
269,25 483 35,75
271,9375 482 35,84
271,8125 483,5 37,22
272,25 483 35,85001
275,25 481,5 35,83
274,5625 483,5 35,86
277,3125 482,5 36,05
279,4375 481,5 44
280 482,5 44,27
282,8125 482 45,73
282,1875 483 45,10001
285,0625 482,5 45,31
287,625 481,5 44,25999
287,625 482,5 44,23
290,125 482 40,8
289,1875 483,5 41,55
291,625 482,5 40,53
293,9375 481,5 38,13
293,875 483 38,08
297,125 482 37,87
296,625 483,5 37,72
299,3125 482,5 37,92
300,1875 481,5 39,49001
301,875 482,5 39,39999
302,4375 482,5 39,33
304,375 483 38,91
304,6875 483 38,88
307,6875 482 47,67999
306,9375 483,5 47,44
309,9375 482,5 48,57001
312,3125 481,5 47,86
312,5625 482,5 47,75
314,9375 482 46,52
314,125 483 47,16
316,6875 482,5 43,99001
318,5625 483,5 41,09
319,25 482,5 40,99001
321,9375 482 40,92999
321,3125 483,5 40,87
324,125 482,5 44,59
326,4375 481,5 44,03999
267,3125 484,5 35,81
268,6875 484,5 35,81
268,8125 486 35,89999
271,125 485 35,89
274,1875 483,5 35,85001
273,1875 485,5 35,86
276,5 484,5 35,92
276,875 483,5 35,94
278,375 485 37,72
279,1875 484,5 36,37
280,9375 485,5 40,64
281,5 485 44,92
284,25 484 45,60001
283,8125 485 45,83
286,375 484,5 44,72
286,125 486 43,89
288,3125 485 44,08
290,9375 483,5 41,49001
292,75 485 38,14999
293,1875 484 38,92
294,6875 485,5 37,53999
297,6875 484,5 37,64
298,1875 484 37,64999
299,875 485 38
300,625 484 39,37
302,3125 485,5 39,73
302,75 485 39,78999
305,9375 483,5 47,23
305,1875 485 38,58
307,9375 484,5 38,83
308,1875 486 38,63
310,5 485 38,98
313,3125 484 40,2
312,5 485,5 42,19
315,25 484,5 43,06
314,125 486 40,78
316,9375 484,5 41,07001
319,75 484 40,87
319,1875 485,5 40,77
322,3125 484,5 40,78999
322,125 486 40,64
324,375 485 51,82001
326,4375 484 46,47
267,125 487,5 35,97
269 487 35,99001
271,125 486 36,00999
271 487,5 41,24001
274,375 486,5 35,92999
273,5 488 35,89999
276,6875 487 36,14999
277,3125 486,5 36,06
278,875 487,5 36,42999
279,6875 487 36,3
281,3125 488 36,5
281,6875 487,5 36,45
284,9375 486 36,61
284,4375 488 36,91
287,1875 487 41,05
289,5625 486 41,78999
289,125 487,5 41,21001
291,75 486,5 38,24001
291,125 488 41,14999
294 487 37,34
295,8125 486 37,52
296,125 487,5 37,45
299,4375 486,5 37,53999
298,8125 488 37,34
301,4375 487 39,13
304,1875 486 38,57001
303,75 487,5 38,64
306,6875 486,5 38,48
306,5 488 39,22
309,125 487 39,25999
309,8125 486 38,83
311,5625 487,5 39,17999
311,9375 487 39,47
314 486 40,7
316,3125 487 40,75999
316,5 486,5 40,87
318,4375 487 40,66
319 487 40,55
320,75 488 40,41
321,5 487,5 40,44
324,1875 486,5 48,71001
323,6875 488 43,78
267,1875 488,5 36,00999
267,9375 488,5 35,96001
269,75 489,5 41,75
271,1875 489 41,67
270,5625 490 42,11
272,875 489 41,39999
273 490,5 42,64
275,25 489,5 35,89
276,8125 488,5 36,46001
278,75 489,5 36,63
280,1875 488,5 36,53
280 490 36,53
281,375 489 36,55
283,4375 490 36,94
284,9375 489,5 37,22
284,25 490,5 37,25
286,25 489,5 38,36
288 490,5 38,25
289,25 489,5 38,39
290,6875 490,5 38,23
292 489,5 38,27
294,125 488,5 37,74001
293,125 490,5 37,84
297,375 488,5 37,38
296,625 490 37,27
298,75 489 37,28
298,0625 490,5 37,21001
302,125 489 38,94
301,375 490,5 37,47
303,375 489,5 38,89999
304,625 488,5 39,21001
306,6875 489,5 37,50999
308,375 488,5 39,39
308,1875 490 37,57001
309,625 489 38,13
311,375 490 38,71001
312,875 489 40,58
312,75 490,5 39,67
316,3125 489 40,19
315,25 490,5 40,12
316,8125 490 40,16
318,625 490,5 40,14
320,125 490 40,14
321,9375 488,5 40,31
321,3125 490 40,07001
325,4375 488,5 44,2
324,6875 490 44,07001
266,9375 491 41,88
267,125 493 42,75
268,8125 492,5 42,7
271,8125 491 42,7
271,4375 492,5 42,92999
272,25 492 42,97
275,25 491 35,86
275,875 492,5 35,88
276,75 492 36
279,9375 491 36,56
279,3125 492,5 36,61
282 491,5 36,75
281,8125 493 36,73
284,1875 492 37,02
287,75 491 38,05
286,9375 492,5 37,31
289,625 491,5 37,99001
290,5625 493 37,35001
290,8125 492,5 37,57001
294,25 491 37,2
293,6875 492,5 37,12
296,375 492 37,17
296,25 493 37,13
298,5625 492 36,98
301,75 491 37,46001
301,1875 492,5 37,45
304 491,5 37,46001
304,75 491 37,47
306,5625 492 43,31
307,0625 491,5 42,67999
308,8125 492,5 44,21001
309,5 492 44,45
312,5625 491 39,44
311,6875 492,5 44,00999
314,5 491,5 40,19
315,6875 492,5 40,16
318,4375 492 40
319,25 491 40,03
320,5625 492,5 39,88
321,0625 491,5 39,89
323,3125 492,5 42,28
323,875 492 42,75
325,75 492,5 49,06
267,0625 495 41,83
268 494,5 42,75999
270,0625 493 42,89
270,375 494,5 42,31
273,125 493,5 42,28999
272,625 495,5 41,73
275,6875 494 40,41
278,3125 493,5 36,47
278,375 494,5 36,49001
281,0625 494 36,62
280,5625 495,5 36,38
283,25 494,5 36,72
283,75 493,5 36,91
285,6875 495 36,8
286,3125 494 36,92
287,8125 495,5 36,47
290,75 494 36,82001
292,4375 493,5 36,99001
292,25 495 36,89999
294,9375 494 37,11
294,75 495 37,07001
297,5 494,5 37,17
298 493,5 37,06
299,5625 495 37,31
300,25 494 37,50999
302,0625 495 37,48
302,8125 494,5 37,48
305,3125 493,5 37,62
304,75 495 38,00999
308,125 494 43,89999
309,8125 493,5 44,56
310 495 45,25
313,1875 493,5 43,38
312,5625 495 43,61
315,125 494 41,98
316 495,5 42,19
316,4375 494,5 42,06
319,6875 493,5 39,81
319,25 495 39,75
321,6875 494 39,73
324 493,5 47,32001
324,25 494,5 51,46001
265,75 496 41,5
266 497,5 40,92999
268,5 497 41,71001
271,4375 495,5 41,78999
271,0625 497 41,3
273,8125 496,5 41,39999
274,375 497,5 35,72
276,375 496,5 35,82001
276,8125 496 35,87
278,5625 497 35,83
279,3125 496,5 35,98
282 496 36,28999
281,5 497 35,85001
284,25 496,5 36,22
283,9375 497,5 36,03999
286,8125 496,5 36,36
289,5625 496 36,64999
288,25 497 36,48
291 496,5 36,75
292,8125 497,5 36,84
293,6875 496,5 36,96001
296,375 496 37,09
295,75 497,5 37,02
298,5625 496,5 37,28
298,625 497,5 37,22
301,1875 496,5 37,49001
304,125 496 37,52
303,375 497 37,52
306,6875 496 43,3
307,125 495,5 43,52
308,75 496,5 44,17
309,4375 496 44,37
310,875 497,5 44,27
311,75 497 43,91
314,75 495,5 42,72
315,875 497 42,21001
318,25 496 39,74001
317,75 497,5 40,55
320,9375 496 39,63
321,1875 495,5 39,63
322,9375 496,5 41,66
324 496 43,03999
324,0625 497,5 42,38
267,4375 499 34,83
268,25 498,5 40,42
267,875 499,5 34,82001
270,5625 499 38,09
273,375 498 35,77
273,125 499,5 35,50999
276,0625 498,5 35,74001
275,6875 500 36,10001
278,5625 499 35,33
279,5 498,5 35,49001
281,125 499,5 35,73
282,0625 499 35,85001
284,3125 498 36,07001
284,3125 499,5 36,07001
287,375 498,5 36,38
286,9375 500 36,31
289,625 499 36,57001
291,1875 498 36,71001
291,4375 499,5 36,69
294,5 498,5 36,92
294,125 500 36,86
297,4375 499 37,25999
297,8125 498,5 37,35001
299,9375 499 37,44
300,0625 499 37,42999
302,5 498 37,84
302,75 499,5 37,66
305,6875 498,5 42,96001
305,25 500 44,57001
308,3125 499 45,75
311,375 498 44,06
311 499 44,17
311,625 499 45,78
313,75 499,5 44,73
316,3125 498,5 42,07001
318,625 498 39,78999
318,25 499 39,67999
318,75 498,5 39,67999
320,9375 499,5 39,57001
321,125 499,5 39,58
324,375 498,5 42,55
325,0625 500 42,62
299,3125 428,5 39,89
303,4375 428 40,28999
304,1875 431,5 40,44
302,625 430 40,12
302,4375 430,5 40,14999
301,75 430,5 40,05
301 430 39,92999
300,25 430 39,91
299,5625 429,5 39,86
301,8125 435 40,03
303,625 434,5 40,3
302,625 435 40,16
303,1875 437,5 40,28999
297,625 428 39,89
296,5625 428,5 39,86
295,25 428 39,8
295,1875 429,5 39,83
295,375 431 39,89
293,8125 429,5 39,72
293,25 429,5 39,67
291,3125 427,5 40,36
291,0625 428 41,17
298,875 430 39,92
298,125 430 39,92
300,375 435 39,99001
299,625 435 39,99001
298,9375 434,5 40
298,1875 434,5 40,02
297,5 434 40,03999
296,75 433,5 40
296 433,5 39,95
295,3125 433 39,92999
294,5625 433 39,85001
293,875 432,5 39,75999
296,0625 438 39,92
304,125 440,5 40,17999
303,1875 440 40,11
302,25 439 40,08
301,25 438,5 40,03999
300,3125 437,5 40
299,3125 437 39,99001
301,375 442 39,88
300,4375 441 39,88
299,4375 440,5 39,92
298,5 439,5 39,96001
297,5625 439 39,97
296,5625 438 39,98
298,625 443 39,85001
303,875 442,5 40,13
302,9375 443 40,00999
302,5625 444 39,95
303,25 446,5 39,66
302,3125 445,5 39,94
301,3125 445 39,81
300,375 444 39,8
302,4375 449 39,07001
301,5 448,5 40,17999
304,0625 449 38,89
303,875 451,5 39,97
303,5625 452,5 38,85001
290,5 428 39,85001
289,5 427,5 39,92
291,5625 432,5 39,67
290,625 431,5 39,72
289,6875 431 39,8
288,6875 430 39,78999
287,875 430 42,47
286,9375 429 42,22
289 434 39,78999
288 433,5 42,35001
287,0625 432,5 43,57001
286,125 432 43,34
285,125 431 43,06
287,5625 427 40,03999
286,25 427,5 39,81
285,375 428,5 41,16
283,4375 426,5 43,81
293,8125 434,5 39,84
293,0625 434,5 39,78
292,3125 434 40,36
291,625 433,5 39,7
293,875 439 39,85001
293,125 439 39,8
292,4375 438,5 40,07001
291,6875 438 39,82001
290,9375 438 39,86
290,25 437,5 39,85001
289,5 437,5 39,84
288,75 437 39,89
288,0625 436,5 39,98
298,75 445 39,75999
300,8125 449,5 40,50999
299,8125 449 39,59
298,875 448 39,64999
297,9375 447,5 39,64999
296,9375 446,5 39,71001
296 446 39,71001
298 451 39,52
297,0625 450 39,56
296,125 449,5 39,60001
295,125 448,5 39,60001
294,1875 448 39,61
293,25 447 39,66
298,0625 443,5 39,81
297,0625 443 39,84
296,125 442 39,82001
295,1875 441,5 39,81
294,1875 440,5 41,42999
293,25 440 39,84
295,3125 445 39,71001
294,3125 444 39,75
293,375 443,5 39,75999
292,4375 442,5 39,8
291,4375 442 39,82001
290,5 441 39,82001
304,125 464 39,03999
303,125 464,5 39,05
302,125 464,5 38,82001
303,8125 458 39,06
303,1875 458,5 40,78999
304,3125 462 39,03999
301,4375 457,5 41,09
303,6875 463 38,87
302,9375 463 38,89999
302,25 462,5 38,89
301,5 462 38,88
300,75 462 38,89
303,0625 453,5 38,82001
302,0625 452,5 38,82001
301,125 452 39,00999
300,1875 451 39,50999
302,25 456 38,85001
301,25 455,5 38,8
300,3125 454,5 40
299,3125 454 39,42
298,375 453 39,42
297,4375 452,5 39,48
299,4375 457,5 39,17999
298,5 456,5 39,3
277,1875 425,5 49,39999
283 427,5 37,53999
281,4375 426 52,49001
282,75 430 42,72
280,0625 426 54,81
281,25 429,5 38,44
278,4375 425,5 52,7
280,5625 430,5 43,89999
279,625 430 37,56
278,625 429 39,06
277,6875 428,5 38,05
276,75 427,5 42,02
275,75 427 43,49001
286,5 434,5 42,81
285,5625 434 43,03
284,625 433 45,58
283,625 432,5 45,92999
282,75 432 43,37
281,8125 431 43,78999
283,8125 436 45,84
282,875 435,5 46,21001
281,9375 434,5 46,57001
280,9375 434 46,89999
280 433 47,21001
279,0625 432,5 47,98
281,0625 437,5 46,91
289 439,5 39,89
288,25 439,5 39,89999
287,5 439 40,75
286,8125 439 40,16
286,0625 438,5 40,17
287,4375 442,5 39,87
286,75 442 41,42
286,25 442 44,5
285,625 442 45,03
284,875 442 45,34
284,1875 441,5 45,66
283,4375 441,5 45,95
291,375 444 40,08
290,4375 443 39,84
289,5 442,5 39,84
291,5 447,5 39,71001
290,5625 446,5 39,82001
289,625 446 39,82001
288,625 445 39,86
287,6875 444,5 41,13
286,75 443,5 41,38
288,75 448,5 39,78999
287,8125 448 39,78999
286,875 447 40,31
285,875 446,5 44,91
293,625 448,5 39,64999
292,6875 447,5 39,67
294,75 452,5 39,49001
293,75 452 39,55
292,8125 451 40,3
291,8125 450,5 39,7
290,875 449,5 39,74001
289,9375 449 39,75999
292 454 39,71001
291 453 39,75
290,0625 452,5 39,77
289,0625 451,5 39,78
288,125 451 39,8
295,875 453 39,47
297,9375 458 39,24001
296,9375 457 39,33
296 456,5 39,39999
295,0625 455,5 39,44
294,0625 455 40,78
293,125 454 41
295,1875 459 39,17
294,1875 458,5 39,32001
293,25 457,5 40,31
292,3125 457 39,37
291,3125 456 39,44
293,375 461 39,02
301,1875 463,5 38,89
300,4375 463 38,89
299,75 462,5 38,88
299 462,5 40,37
298,25 462 38,96001
297,5625 462 39,02
296,8125 461,5 39,05
296,125 461,5 39,06
295,375 461 39,11
294,625 460,5 39,17
296,875 466 38,81
296,1875 466 38,83
295,4375 465,5 38,86
301,4375 464,5 38,88
303,5 469,5 38,86
302,5625 468,5 38,86
301,5625 468 38,82001
300,625 467 38,83
299,6875 466,5 39,56
301,6875 471,5 38,88
300,75 470,5 38,84
299,8125 470 38,84
298,8125 469 39,53999
297,875 468,5 38,64
296,9375 467,5 38,72
298,9375 472,5 38,41
303,8125 472,5 41,36
303,3125 473,5 39,53999
303,375 475 38,89
302,8125 475 38,87
301,875 474 38,78999
300,875 473,5 39,84
300 473 39,46001
299,625 473,5 38,55
275,1875 426,5 40,74001
273,875 426,5 43,8
272,25 426 39,88
278,875 433,5 46,73
277,9375 433 46,32001
280 438 47,2
279 437 46,85001
278,0625 436,5 46,39999
277,0625 435,5 46
276,125 435 45,62
278,1875 440 46,53
277,25 439 46,12
276,25 438,5 45,7
275,3125 437,5 43,12
274,3125 437 42,67999
273,375 436 37,46001
278,25 432,5 46,48
277,3125 431,5 43,71001
276,3125 431 37,50999
275,375 430 37,52
274,4375 429,5 37,52
273,4375 428,5 41,42999
275,5 433,5 37,49001
274,5625 433 37,45
273,5625 432 37,47
273,25 432,5 37,49001
272,9375 433,5 37,49001
272,3125 434 37,48
282,3125 440,5 46,39999
281,5625 440,5 46,71001
280,8125 440 47,21001
280,125 440 47,23
279,375 439,5 47,14999
281,625 445 46,62
280,9375 444,5 46,87
280,1875 444,5 47,19
279,4375 444 47,12
278,75 443,5 46,74001
278 443,5 46,5
277,25 443 46,17999
276,5625 443 45,87
284,3125 445 45,53999
286,375 450 41,08
285,4375 449 45,08
284,4375 448,5 45,46001
283,5 447,5 45,85001
282,5625 447 46,24001
281,5625 446 46,64999
283,625 451 45,75
282,6875 450,5 46,16
281,6875 449,5 46,53
280,75 449 46,96001
279,8125 448 47,24001
278,8125 447,5 46,89
289,5625 455,5 39,64
288,625 454,5 39,56
287,6875 454 39,74001
286,6875 453 40,13
285,75 452,5 44,89
284,75 451,5 45,31
286,8125 456,5 41,73
285,875 456 44,99001
284,875 455 45,21001
283,9375 454,5 45,62
283 453,5 45,99001
282 453 46,36
284,0625 458 45,52
294,9375 466 38,88
294,25 465,5 39,83
293,5 465,5 38,8
292,75 465 38,83
292,0625 465 38,62
291,375 464,5 41,35001
290,6875 464,5 43,66
290 464 43,66
289,25 464 43,94
291,5 469 38,46001
290,75 469 38,42999
290,0625 468,5 43,57001
301,1875 477,5 38,92999
299,875 476 39,58
299,625 477 38,47
298,125 475,5 38,21001
298,1875 477 38,16
297,5625 477,5 38,19
296,8125 477,5 38,17999
294,8125 476 38,32001
294,4375 477,5 38,25
295,8125 467,5 38,75
297,875 472,5 38,42999
296,9375 472 38,50999
295,9375 471 38,59
295 470,5 38,64
294 469,5 38,7
293,0625 469 38,57001
295,125 474 38,48
294,125 473 38,63
293,1875 472,5 38,42999
292,25 471,5 38,37
291,25 471 38,3
290,3125 470 42,82001
292,3125 460,5 38,83
291,625 460,5 38,75999
290,6875 460 43,35001
289,75 459 43,78999
288,75 458 42,32001
287,8125 457,5 41,82001
289,875 462,5 43,67999
288,875 461,5 44,07001
287,9375 461 44,45
287 460 44,86
286 459,5 45,25
285,0625 458,5 45,75
287,125 463,5 44,77
273,5625 437,5 37,45
272,5625 436,5 37,42999
274,625 441,5 37,47
273,6875 441 37,45
272,75 440 37,41
271 438 37,39999
272,75 442,5 37,39
271,5625 442,5 37,35001
277,125 444,5 46,14
276,375 444 45,84
275,6875 443,5 45,55
274,9375 443,5 45,00999
274,25 443 37,91
273,5 443 37,58
275,75 448 45,61
275 448 37,61
274,3125 447,5 37,57001
273,5625 447,5 37,56
272,8125 447 37,56
272,125 447 37,55
271,5 446,5 37,55
280,1875 450,5 47,14
279,25 450 47,06
278,25 449 46,64999
277,3125 448,5 46,19
279,375 453,5 47,14
278,4375 452,5 46,75999
277,4375 452 46,37
276,5 451 45,94
275,5 450,5 45,67
274,5625 449,5 37,96001
276,625 454,5 46,03999
275,625 454 45,63
274,6875 453 43,42999
288,4375 467 44,13
287,6875 466,5 44,48
286,9375 466,5 44,8
286,25 466 45,08
285,5 466 45,37
287,75 471 44,35001
287 471 44,62
286,3125 470,5 44,89
285,5625 470,5 45,19
284,875 470 46,52
284,125 469,5 46,42
283,375 469,5 45,61
282,6875 469 45,16
284,625 460 45,8
283,625 459 45,56
285,6875 464 45,32001
284,75 463,5 45,75999
283,75 462,5 45,57001
282,8125 462 45,22
281,875 461 44,82001
280,875 460,5 44,91
282,9375 465,5 45,23
282 464,5 44,87
281 464 44,50999
280,0625 463 44,14
279,125 462,5 43,42999
292,75 476 38,3
291,8125 475 38,3
290,875 474,5 38,28999
289,9375 473,5 43,55
288,9375 473 43,86
288 472 44,21001
287,1875 471,5 44,53
289,25 476,5 43,7
288,3125 476 44,11
287,3125 475 44,46001
286,5 474,5 44,81
286,4375 475,5 44,81
284,125 458 45,5
283,1875 457,5 45,89
282,25 456,5 46,25
281,25 456 46,66
280,3125 455 48,06
279,3125 454,5 47,16
281,375 459,5 45,09
280,4375 458,5 46,98
279,4375 458 47,2
278,5 457 46,83
277,5625 456,5 46,39
276,5625 455,5 46,00999
278,625 460,5 39,77
293,3125 476,5 38,57001
292,1875 478 38,27
271,125 447 37,53999
270,375 447 37,37
270,875 449,5 38,83
273,0625 450,5 37,73
275,125 455,5 37,61
274,1875 455 44,87
273,25 454 37,58
272,25 453,5 37,57001
271,3125 452,5 37,67999
270,3125 452 38,25
272,375 457 37,35001
269,75 453 36,89
270,5 456 38,03999
269,625 456 36,66
279,6875 464 44,00999
278,75 463 42,38
277,8125 462,5 36,07001
279,8125 467,5 44,10001
278,875 466,5 41,37
277,9375 466 36,22
276,9375 465 36,09
276 464,5 36,06
275 463,5 35,94
277,0625 468,5 36,58
276,125 468 35,97
275,1875 467 37,64
274,1875 466,5 37,62
285,75 476 45,08
285,1875 476 45,28999
283,375 474 45,69
283 474,5 45,66
283,875 478 45,75
282,4375 477 45,21001
281,25 476,5 44,72
279,8125 476 44,16
283,9375 472 45,75
283,1875 472 45,67999
282,4375 471,5 45,10001
281,75 471 44,85001
281 471 44,57001
280,3125 470,5 44,22
279,5625 470,5 43,67999
278,8125 470 43,48
278,125 469,5 36,19
277,375 469,5 36,08
279,625 475 44,07001
278,875 474,5 36,92
278,1875 474 36,08
277,125 459 46,46001
276,1875 458,5 45,97
275,25 457,5 38,03
274,25 457 37,57001
276,3125 462 35,99001
275,3125 461 35,98
274,375 460,5 36,25999
273,4375 459,5 35,95
272,4375 459 37,53
271,5 458 38,24001
273,5625 463 35,87
272,5625 462,5 35,84
271,625 461,5 35,84
271,75 462,5 35,84
270,8125 462 35,84
269,875 461 35,91
270,4375 463,5 35,75999
269,25 462,5 35,81
269,25 464,5 36,87
268,5 466,5 35,73
277,125 473,5 36,95
276,4375 473,5 35,89999
275,6875 473 35,89999
275 473 35,89999
274,25 472,5 35,85001
273,5 472 35,77
272,8125 472 35,74001
275,0625 477,5 35,82001
274,3125 477 35,75999
273,5625 476,5 35,72
273,25 477 35,73
271,125 474,5 35,60001
274,6875 468 35,91
273,75 467,5 35,85001
272,8125 466,5 35,75999
271,8125 466 35,75
273,875 471 35,84
272,9375 470 35,75
271,9375 469,5 35,74001
271 468,5 36,32001
270 468 35,69
269,0625 467 35,64999
271,125 472 35,63
268,1875 468 35,58
268,625 470 35,59
277,6875 476,5 36,08
275,5 477,5 35,84
272,0625 478 35,64
270,125 475,5 35,44
269,5 476 35,36
268,25 475 35,2
267,75 476 35,09
269,5625 472 35,55
268,375 472 35,47
331,4375 431 41,16
329,6875 430,5 41,11
330,0625 433 41,13
329,75 433,5 41,24001
327,625 430,5 41,03999
327,6875 431,5 41,03
326,875 431 41,00999
325,9375 430,5 41,03
327,9375 435,5 41,39
327 434,5 41,23
326 434 41
325,0625 433 41
324,125 432,5 41,03999
323,125 431,5 41,06
325,1875 436,5 41,06
324,25 436 40,91
323,25 435 41,00999
323,3125 430,5 41,08
321,3125 430 41,12
330,5 436 41,60001
330,0625 438 41,75
329,875 439 41,83
329,875 440,5 41,75999
329,75 441,5 41,75999
328,75 440,5 41,67
327,8125 440 41,53
326,875 439 41,45
325,875 438,5 41,37
327,9375 443 41,48
327 442,5 41,41
329,375 444,5 41,75
327,875 443,5 41,45
326,6875 442 41,37
325,75 441,5 41,32001
324,75 440,5 41,28999
323,8125 440 41,27
322,875 439 41,17999
324,875 444 41,13
323,9375 443,5 41,08
323 442,5 41,10001
322 442 41,17999
321,0625 441 41,19
320,0625 440,5 41,16
322,125 445,5 41,14999
321,1875 444,5 41,17
321 431,5 41,14
319,5 430,5 41,21001
319,25 431,5 41,22
319,25 433 41,21001
317,5 431 42,2
316,8125 431 42,31
317,5625 434 41,21001
317,3125 434,5 41,17999
316,375 433,5 41,19
315,375 433 41,17999
314,4375 432 41,21001
322,1875 434 41,06
321,25 433,5 41,13
323,25 438,5 41,22
322,3125 437,5 41,17999
321,375 437 41,17
320,375 436 41,19
319,4375 435,5 41,19
318,5 434,5 41,19
320,5 439,5 41,17
319,5625 439 41,14999
318,625 438 41,11
317,625 437,5 41,10001
328,3125 445,5 41,72
327,6875 445,5 41,7
327,1875 445,5 41,74001
326,5 445 41,50999
325,75 445 41,33
328 450,5 42,2
327,25 450 41,75999
326,5625 449,5 41,88
325,8125 449,5 41,58
325,0625 449 41,35001
324,375 449 41,2
323,625 448,5 41,10001
322,9375 448,5 41,07001
328,5 450,5 42,28
328,5 452,5 42,64999
327,8125 453 42,50999
327,4375 453,5 42,60001
327,0625 454 42,66
326,0625 453 42,33
325,125 452,5 41,67
328,0625 458 43,11
310,75 428,5 44,10001
309,125 428,5 41,3
308,3125 429 41,17
307,25 429 41,07001
307,375 430,5 40,96001
305,375 428,5 40,7
313,0625 430,5 41,32001
312,125 430 41,39999
314,1875 435 41,11
313,1875 434 41,14999
312,25 433,5 41,16
311,25 432,5 41,2
310,3125 432 41,17999
312,375 437 40,97
311,4375 436 40,94
310,4375 435,5 40,92999
309,5 434,5 40,89999
308,5 434 40,87
316,1875 436 41,13
318,25 441 41,06
317,3125 440 41,02
316,3125 439,5 41,02
315,375 438,5 42,73
314,4375 438 41,47
313,4375 437 40,99001
315,5 442 41,59
314,5625 441,5 42,33
313,5625 440,5 42,19
312,625 440 41,57001
311,6875 439 40,77
310,6875 438,5 40,75999
321,375 446,5 41,14999
320,4375 445,5 41,95
319,5 445 41,25999
318,5 444 41,19
317,5625 443,5 41,08
316,5625 442,5 41,02
318,625 447,5 43,12
317,6875 447 43,92
316,6875 446 44,24001
315,75 445 40,78
314,8125 444,5 40,53999
313,8125 444 41,09
315,875 448,5 45,82001
323,6875 451 41,07001
323 451 41,06
322,25 450,5 41,09
321,5 450 41,13
320,8125 450 41,14
320,0625 449,5 41,63
319,3125 449,5 41,58
318,625 449 43,14999
317,875 449 43,86
320,125 454 41,55
319,4375 454 41,5
318,6875 453,5 41,58
328,25 459,5 43,21001
327,625 460,5 42,92999
328 462,5 43,11
327 462 42,83
326,25 461,5 42,78
325,3125 461 42,67999
324,375 460 42,36
326,375 465 43,16
325,4375 464,5 42,84
324,5 463,5 42,63
323,5 463 41,2
322,5625 462 41,07001
324,375 453 41,33
326,4375 457,5 42,64999
325,4375 457 42,66
324,5 456 42,11
323,5 455,5 41,07001
322,5625 454,5 41,06
321,625 454 41,06
323,6875 459 41,21001
322,6875 458 41,07001
321,75 457,5 41,07001
320,75 456,5 41,10001
319,8125 456 41,21001
327,875 466 49,45
327,0625 467,5 50,47
326,3125 467,5 48,16
327,25 470,5 44,27
306,625 431,5 40,82001
305,25 430,5 40,64999
305,375 432,5 40,62
309,25 436,5 40,81
308,25 435,5 40,75999
307,3125 435 40,75
306,375 434 40,66
305,375 433,5 40,59
307,4375 438,5 40,52
306,5 437,5 40,52
306,3125 438,5 40,44
304,75 436,5 40,39
304,375 438 40,28999
311,1875 440,5 40,7
310,25 439,5 40,69
309,3125 439 40,67999
311,3125 444 39,39999
310,375 443 39,57001
309,4375 442,5 40,36
308,4375 441,5 40,52
307,5 441 40,46001
306,5625 440 40,39999
308,5625 445 38,84
307,625 444,5 39,14999
306,6875 443,5 40,78999
305,6875 443 40,22
313,4375 445 39,7
312,5 444 39,42
314,5 449 47,31
313,5625 448,5 47,7
312,625 447,5 48,07001
311,6875 447 48,47
310,8125 446,5 48,58
309,875 445,5 48,38
311,9375 450,5 48,33
310,9375 450 48,58
310 449 48,22
309 448,5 47,89
308,0625 447,5 47,42
321,6875 461 41,08
323,6875 466 41,45
322,75 465,5 41,07001
321,8125 464,5 41,06
320,8125 464 41,10001
319,875 463 41,28
321,9375 468 41,06
320,9375 467,5 41,09
320,0625 467 42,24001
319,5 467 41,19
318,5625 466 41,32001
317,5625 465,5 45,58
316,75 465 46,33
316,0625 450,5 46,82001
315,3125 450 46,99001
315,5 451,5 46,98
314,8125 451,5 47,17999
314,0625 451 47,45
316,3125 456,5 46,53
315,625 456 46,82001
314,875 456 47,14
314,1875 455,5 47,42999
313,4375 455,5 47,71001
312,6875 455 47,98
312 454,5 48,28
319,9375 457 41,21001
318,9375 456,5 41,21001
321 461,5 41,09
320,0625 460,5 42,21001
319,0625 460 41,17
318,125 459 41,67
317,25 458,5 44
316,5 458 46,46001
316 458,5 46,63
317 461,5 46,39
316,3125 461 46,58
315,3125 460,5 46,99001
314,375 459,5 47,25999
325,1875 468 43,3
327,25 473 44,3
326,3125 472 43,82001
325,3125 471,5 43,73
324,375 470,5 43,48
323,4375 470 41,8
322,4375 469 41,03
324,5 474 43,77
323,5 473,5 43,16
322,5625 472,5 41,03999
321,625 472 41,03999
320,6875 471 41,10001
319,6875 470,5 42,03999
326,875 474 44,25999
326 475 43,91
325,875 476 43,89
325,9375 478 43,99001
324,25 476,5 43,56
323,625 477,5 42,67
305,75 444 39,85001
305 444 40
304,75 445 40,28
304,5 447,5 42,56
313,8125 460,5 47,59
312,8125 459,5 47,86
314,875 464,5 47,11
313,9375 464 47,53
312,9375 463 47,89
312 462,5 48,27
311,0625 461,5 49,53
310,0625 461 48,39999
312,125 466 48,2
311,1875 465 48,62
310,1875 464,5 48,53999
309,25 463,5 48,07001
311,125 454 48,60001
310,4375 454 48,5
309,6875 453,5 48,16
309 453,5 47,86
311,25 458,5 48,55
310,5 458,5 48,53999
309,75 458 48,25
309,0625 458 47,96001
308,3125 457,5 47,67
307,5625 457 47,37
306,875 457 47,05
306,125 456,5 44,91
305,4375 456,5 44,88
307,4375 447 47,22
309,5 452 48,07001
308,5 451,5 47,71001
307,5625 450,5 47,25999
306,625 450 46,78
305,625 449 44,99001
304,6875 448,5 42,91
307,0625 454 47,07001
304,5625 450,5 44,89999
304,375 452 39,98
316,75 465,5 46,31
315,8125 464,5 46,74001
317,875 469,5 43,95
317,375 470 43,64
316,75 470 46,13
315,8125 469 46,7
314,8125 468 47,10001
313,875 467,5 47,48
312,9375 467 47,88
315 471,5 46,88
314 471 47,3
313,0625 470 47,67999
312,0625 469,5 48,17
319,8125 471,5 42,2
318,875 471 41,66
320,9375 476 41,05
319,9375 475 41,05
319,125 474,5 41,08
318,125 474 41,17999
317,1875 473 42,08
316,375 472,5 46,31
316,625 474 46,22
315,6875 473,5 46,61
314,75 473 46,96001
316,8125 477,5 41,97
313,5625 473 47,44
322,4375 478 40,97
320,1875 477 41,03999
307,8125 462 47,52
309,875 467 48,34
308,9375 466,5 47,99001
307,9375 465,5 47,59
307 465 47,23
306 464 45,28
305,0625 463,5 39,10001
307,125 468,5 47,27
305,875 467 43,71001
304,9375 467 43,12
304,625 469 44,86
305,375 458 45,23
305,375 459,5 45,22
304,9375 460,5 44,83
313,1875 472,5 47,63
312,25 471,5 48
311,25 471 48,37
310,3125 470 48,60001
309,375 469,5 48,23
308,375 468,5 47,81
310,4375 473,5 48,64999
309,5 473 48,31
308,5 472 47,89999
307,5625 471,5 47,46001
306,625 470,5 47,12
305,625 470 44,32001
307,6875 475 47,60001
315,8125 478 47,09
314,4375 476,5 47,07001
314,0625 477 47,22
312,4375 475,5 47,89999
312,125 476 47,99001
311,25 476 48,32001
310,25 476 48,64999
309,6875 477 48,50999
308,75 477 48,03
307,25 475,5 47,50999
304,9375 472,5 46,3
304,875 473,5 44,81
305,125 476 46,05
307,0625 476 47,31
305,5 476,5 44,31
303,3125 478,5 38,87
303,5 480,5 38,92999
300,5625 478,5 39,89
298,5 479 37,97
296,9375 478,5 38,11
296,5 480 38,00999
296,1875 481,5 37,89
303,9375 483,5 38,75999
303,0625 483 38,85001
302,0625 482,5 39,42
301,125 481,5 39,74001
300,1875 481 39,37
299,1875 480 38,03
301,25 485 39,33
300,3125 484 39,27
299,3125 483,5 37,8
298,375 483 37,73
297,4375 482 37,84
299,4375 487 37,48
303,75 485 38,63
303,9375 488 39,03
303,25 488,5 39,08
302,25 487,5 38,56
301,5 487,5 39,17
300,8125 487 39,19
300,0625 487 38,99001
302,3125 492 37,46001
301,625 492 37,45
303,375 493 37,49001
302,25 493 37,46001
298,5 486,5 37,41
297,5625 486 37,55
296,625 485 37,60001
295,6875 484,5 37,64
294,6875 483,5 37,71001
293,75 483 38,10001
295,75 488 37,42
294,8125 487 37,46001
293,875 486,5 37,42
292,875 485,5 38,02
291,9375 485 39,57001
291 484 41,66
293 489 37,78
295,6875 481,5 37,87
293,625 479,5 38,19
294,125 481,5 37,99001
293,25 481,5 38,24001
291 478,5 38,32001
292,625 483 38,39
290,6875 480,5 38,55
290,625 481,5 38,63
289,75 481 38,75
288,9375 480 43,11
287,9375 479,5 44,17
298,8125 487,5 37,36
301,0625 493 37,42999
300,3125 492,5 37,31
299,625 492,5 37,3
298,875 492 36,96001
298,125 492 37,11
297,4375 491,5 37,19
296,6875 491,5 37,22
296 491 37,21001
295,25 490,5 37,19
294,5 490,5 37,23
293,8125 490 37,33
296,0625 495,5 37,11
303,125 496,5 37,52
302,25 496 37,49001
301,25 495 37,49001
300,3125 494,5 37,50999
302,375 499,5 38,41
301,4375 498,5 37,53
301,25 499,5 37,62
299,125 496,5 36,84
298,125 496 37,41
298,125 497 37,39
296,9375 496,5 37,07001
303,0625 500 40,28
285,1875 479,5 45,27
283,1875 479 45,64
282,25 479,5 45,17999
281 479 44,56
289,875 484 41,60001
288,875 483 42,37
287,9375 482,5 44,14
287 481,5 44,50999
286 481 44,91
285,0625 480 45,28
287,125 485 44,47
286,125 484,5 44,8
285,1875 483,5 45,19
284,25 483 45,58
283,25 482 45,67
282,3125 481,5 45,2
284,375 486,5 36,44
295,125 494,5 37,09
294,375 494 37,06
293,625 494 37,02
292,9375 493,5 36,99001
292,1875 493,5 36,97
291,5 493 37,06
290,75 493 37,45
290 492,5 37,53
292,25 498 36,77
291,5625 497,5 36,72
290,8125 497 36,69
290,0625 497 36,66
298 499,5 37,11
297,25 499,5 37,00999
296,5 500 36,91
294,5625 498 36,92999
294,0625 499,5 36,84
292,625 499,5 36,73
291,5 487 41,36
290,5625 486 41,8
289,625 485,5 42,09
291,625 490,5 38,10001
290,6875 489,5 38,33
289,75 489 39,44
288,75 488 40,77
287,8125 487,5 40,92
286,875 486,5 44,34
288,875 491,5 37,81
287,9375 491 38,05
287 490 38,24001
286 489,5 38,32001
280,125 479 44,28
280,1875 481 44,31
278,5625 479 42,53999
277,5625 478,5 36,03999
277,75 480,5 36,05
276,875 480 35,89
277,6875 482,5 36,05
274,8125 478,5 35,81
277 483,5 37,35001
276,0625 483 35,92
275,0625 482 35,95
288,75 496 36,53999
288,0625 495,5 36,44
287,3125 495 36,55
286,5625 495 36,72
285,875 494,5 36,81
285,125 494,5 36,89999
284,9375 495 36,7
285,5625 497,5 36,21001
284,375 496,5 36,19
284,3125 497,5 36,07001
283 496,5 36,07001
283,1875 498,5 35,94
281,75 482,5 44,98
283,8125 487,5 36,75999
282,8125 487 36,3
281,875 486 41,53999
280,9375 485,5 40,64
279,9375 484,5 44,32001
279 484 36,64999
281,0625 489 36,53999
280,0625 488 36,48
279,125 487,5 36,41
278,1875 486,5 36,23
277,1875 486 35,99001
276,25 485 35,92
287 493 37,19
286,0625 492 37,39999
285,0625 491,5 37,39
284,125 490,5 37,22
283,1875 490 36,85001
282,1875 489 36,59
284,25 494 36,91
283,3125 493,5 36,88
282,3125 492,5 36,78999
281,375 492 36,7
280,4375 491 36,59
279,4375 490,5 36,42999
281,5 495,5 36,39999
271,3125 478,5 35,59
269,375 478,5 35,64999
269,1875 480,5 35,5
267,625 480 35,17
275 483 35,92
274 482,5 35,77
273,0625 481,5 35,78
272,125 481 37,52
271,125 480 36,16
273,1875 485 35,88
272,25 484,5 36,23
271,25 483,5 36,00999
270,3125 483 35,72
269,375 482 35,71001
268,375 481,5 35,55
270,4375 486 36,02
269,5 485,5 35,92
277,25 487,5 36,37
276,25 487 36,06
275,3125 486 35,89999
274,3125 485,5 35,97
276,375 490,5 36,08
275,4375 489,5 35,91
274,5 489 35,85001
273,5 488 35,85001
272,875 488 41,05
271,5 487 36
273,5625 492 42,89
272,5625 491 42,81
280,3125 493 36,71001
279,375 492,5 36,61
278,4375 491,5 36,45
280,4375 496,5 35,97
279,5 496 36,17999
278,5 495 36,21001
277,5625 494,5 36
276,625 493,5 35,92999
275,625 493 35,86
274,8125 492,5 42,41
276,875 497,5 35,71001
275,9375 497 35,74001
275 496 35,75999
282,5625 498 35,88
281,25 497,5 35,83
280,3125 497,5 35,75999
280,3125 499,5 35,62
278,6875 499 35,34
277,0625 499,5 35,19
269 486 35,92
268,75 486,5 35,95
268,6875 487,5 36,58
266,625 485,5 35,82001
266,75 488 36,00999
270,6875 489 41,73
269,75 488,5 41,41
271,75 493,5 42,56
270,8125 492,5 43,44
269,875 492 42,72
268,875 491 42,28
267,9375 490,5 41,85001
267 489,5 41,47
269 494,5 42,45
268,4375 494,5 42,50999
267,8125 494,5 42,62
266,75 494 42,11
273 493,5 42,37
275,0625 498,5 35,64
274,125 497,5 35,74001
273,125 497 35,72
272,1875 496 41,47
271,4375 496 41,7
271,5 497 41,31
272,3125 500 35,33
271,4375 499,5 37,31
269,3125 496,5 41,67
268,625 497 41,75
269,25 499,5 38,03
265,8125 495,5 41,78
268,25 499 34,92
267,8125 500 34,82001
266,4375 499 37,13
326,5625 479 44,06
325,8125 480 44,21001
324,625 480 43,92999
326,3125 482,5 44,07001
324,5625 481 43,85001
322,25 478,5 41
321,75 479 40,96001
321,75 480,5 40,95
320,4375 479,5 41
320,375 480,5 40,97
319,1875 479,5 41
319,8125 482 40,97
319,625 483 40,94
318,875 482,5 41,00999
325,125 482 44,03999
325 483 44,06
325,125 484,5 51,19
325 485,5 52,59
324 485 50,84
323,0625 484 43,12
322,125 483,5 40,86
324,125 488,5 43,75999
323,1875 487,5 43,28999
322,25 487 40,53999
321,25 486 40,62
320,3125 485,5 40,74001
325,5 495,5 43,34
324,5625 489 44,09
325,3125 492 44,28
324,8125 492,5 49,21001
322,9375 490 42,67999
325 495 43,05
314,3125 479,5 47,13
311,8125 478 48,08
310,75 478,5 48,5
310,5625 480,5 48,52
318,8125 484 42,59
318,0625 483,5 43,35001
317,375 483,5 43,78
316,625 483 44,00999
315,9375 483 44,23
315,1875 482,5 46,50999
314,4375 482 47,02
313,75 482 47,28999
313 481,5 47,60001
312,25 481,5 47,88
311,5625 481 48,16
313,8125 486,5 40,55
313,0625 486 40,17999
320,75 488,5 40,33
319,8125 487,5 40,42
318,8125 487 40,62
317,875 486 40,88
319,9375 491 40
318,9375 490,5 40,13
318 489,5 40,27
317,0625 489 40,39999
316,0625 488 40,64
315,125 487,5 40,7
317,1875 492 39,92
316,1875 491,5 40,16
323,875 493,5 47,67
322,9375 493 41,46001
322 492 39,81
321 491,5 39,91
323,0625 496,5 41,63
322,0625 495,5 39,74001
321,125 495 39,67
320,1875 494 39,75999
319,1875 493,5 39,84
318,25 492,5 39,88
320,3125 497,5 39,64999
319,3125 497 39,69
318,375 496 39,73
324,25 496,5 42,64
324,5 499 42,57001
323,9375 500 42,32001
321,8125 498 39,77
321,3125 500 39,60001
309,8125 480,5 48,47
308,75 480 48,06
307,8125 480 47,64
307,5 480,5 47,53999
305,875 479 46,92999
305,5 479,5 46,59
304,5625 479 44,77
305,125 481,5 38,96001
304,5 483 38,88
311,75 484,5 46,33
311,0625 484,5 39,28
310,3125 484 38,97
309,625 483,5 49,47
308,875 483,5 48,19
308,125 483 47,86
310,375 488,5 38,59
309,6875 488 39,39
308,9375 488 40,14999
308,1875 487,5 40,24001
307,5 487,5 40,21001
306,75 487 38,42999
319,8125 499,5 39,64
313,9375 488,5 40,71001
313 487,5 40,05
315 492,5 40,14999
314,0625 492 43,07001
313,125 491 39,39999
312,125 490,5 39,17
311,1875 489,5 38,7
310,25 489 38,35001
312,25 494 43,74001
311,3125 493 44,13
310,375 492,5 44,52
309,375 491,5 42,17
308,4375 491 37,53
319,1875 498,5 39,67
318,25 498 40,56
317,25 497 40,14
316,3125 496,5 42,08
315,375 495,5 42,47
314,375 495 42,85001
316,4375 500 42,03999
313,125 494,5 43,42
313,625 497 43,17
312,4375 496 43,67
312,375 497 43,67
311,0625 496 44,16
306,125 487,5 38,36
305,625 487,5 38,36
305,375 488,5 39,07001
305,75 490,5 37,46001
308,9375 492,5 44,25
307,9375 491,5 43,69
307 491 37,97
309 496 44,25
308,0625 495 43,83
307,125 494,5 43,46001
306,125 493,5 43,11
305,1875 493 37,50999
304,75 493 37,49001
305,0625 495 37,56
304,8125 496,5 40,19
312,3125 499,5 45,31
311,375 499 45,75
310,25 499 44,53
309,625 499,5 46,28999
308,6875 500 45,94
306,5625 498,5 43,39999
305,3125 499,5 44,59
265,375 500 36,50999
267,25 501 34,83
267,5 501 34,87
269,375 501,5 35,91
270,0625 501 35,28
273,0625 500 35,53
272,3125 502 34,82001
275 501 35,13
274,875 502 35,06
277,6875 501 35,32001
280,4375 500,5 35,64
279,875 502 35,57001
283,125 501 35,91
283,3125 502 35,94
285,25 501 36,12
287,8125 500,5 36,37
287,375 502 37,22
290,1875 501 36,55
289,5625 502,5 36,47
291,9375 501 36,61
295,0625 500 36,89
294,25 502 36,73
296,9375 501 36,99001
297,875 500,5 37,07001
299,625 501 38,53
300,0625 500,5 38,53999
301,6875 502 37,50999
302,5 501,5 37,47
305,1875 500,5 40,19
304,8125 502 40,19
307,8125 500,5 45,59
307,5625 502,5 45,48
310,125 501,5 46,17999
313,25 500 44,89
312,625 502 45,16
314,9375 501 42,57001
316,375 502 42,11
316,8125 501,5 40,78
319,6875 500,5 39,64
319,0625 502 39,64
322,25 500,5 41,61
322,1875 502,5 41,72
324 501,5 42,46001
266,5625 502,5 34,50999
266 504 34,19
269 503,5 34,46001
271,5625 502,5 34,74001
271,0625 504 34,75
274,4375 502,5 35,05
273,75 504 35
276,5 503 35,24001
277,125 502,5 35,33
278,75 504 37,75999
279,375 503,5 37,71001
281,1875 504,5 36,10001
281,9375 503,5 37,87
284,75 503 36,82001
284,375 504,5 36,14
286,9375 503,5 36,91
289,4375 502,5 37,13
288,8125 504 37,49001
291,5625 502,5 36,53999
291 504 37,27
293,8125 503,5 36,63
295,9375 502,5 36,82001
296,375 503,5 36,78
299,1875 502,5 38,69
298,6875 504,5 38,53
301,375 503,5 37,45
303,9375 502,5 37,5
304 503,5 37,50999
306,625 503 45,12
306,25 504,5 44,96001
308,9375 503,5 46,05
309,625 503 46,32001
311,4375 503,5 45,62
312,1875 503 45,32001
313,8125 504,5 44,63
316,1875 503,5 42,13
318,5625 502,5 39,66
318,3125 503,5 39,72
318,75 503 39,67
320,5625 504,5 39,56
321,1875 504 39,58
324,25 503 42,82001
266,9375 505 34,31
272,75 505 34,89999
274,875 505 37,60001
278,375 505 37,73
280,8125 505,5 36,10001
282,375 505 36,39999
285,625 504,5 36,86
284,8125 506,5 36,12
286,8125 506 36,81
289,9375 505 38,62
288,9375 506,5 36,2
291,75 505,5 36,95
291,3125 507 36,27
293,8125 506 39,83
296,8125 505 36,67999
296,25 506,5 36,57001
299,0625 505,5 38,53999
299,5625 507 37,75
301,3125 506 37,47
304,4375 505 37,50999
304,0625 506,5 37,50999
306,6875 505,5 45,16
307,25 504,5 45,3
309,1875 506 46,17
309,375 505,5 46,23
311,4375 506,5 45,56
311,875 505,5 45,42
314,75 505 42,8
316,0625 505,5 40,55
318,375 505 39,73
317,875 506,5 39,88
320,625 505,5 40,61
321,0625 505 41,31
323,0625 506 41,75
324,5625 505,5 42,48
295,3125 507 36,55
298,4375 507,5 38,58
300,5625 508 37,86
303,625 508 37,35001
306,25 508 37,49001
307,625 508 36,82001
310,4375 507,5 38,33
311,25 509 38,45
312,25 508,5 41,39
315,0625 507,5 39,86
314 509 39,71001
316,875 508 39,88
318,5625 509 40,44
319,125 508,5 40,48
321,8125 507,5 41,09
321,0625 509 40,81
323,6875 509 41,58
322 509,5 41,00999
300 500 37,48
303,5625 500,5 37,48
302,5625 501 37,47
303,6875 504 37,48
303,75 505,5 37,50999
302,75 504,5 37,46001
301,8125 504 37,53
300,875 503 37,47
299,875 502,5 37,42
304,25 508 37,47
298,0625 501 37,05
296,75 501 36,94
296,3125 502,5 36,82001
294,3125 501 36,8
293,5625 501 36,75
292,9375 501,5 36,67999
292,8125 502,5 36,60001
300,125 504 37,98
299,1875 503,5 38,52
298,1875 502,5 36,89
300,375 508 37,87
297,625 504 36,94
298,875 507,5 38,50999
296,1875 503,5 36,75999
297,5 507,5 36,55
295,9375 506 36,62
294,6875 505,5 36,60001
301,5 508 37,32001
284,25 500 36,03999
290,625 500,5 36,58
290 500,5 36,55
291,125 503,5 37,38
291,375 505,5 37,74001
290,8125 505,5 39,14
289,875 504,5 38,58
288,875 504 37,48
287,9375 503 37,28999
287 502,5 37,34
286 501,5 36,17999
285,375 501,5 36,12
285,75 503,5 36,19
292,9375 505 38,28999
292,25 506,5 38,84
289,75 507 38,92999
283 501 35,91
282,375 502,5 35,83
281,5625 503 37,82001
279,75 501,5 35,57001
279,625 502,5 35,53
277,875 501 35,32001
276,8125 500 35,22
284,5 502,5 36,81
284,75 504 36,17999
284,25 504,5 36,41
283,4375 504,5 38,46001
283 505,5 38,84
282,0625 506 36,16
280,0625 504,5 37,78999
276,625 500,5 35,24001
276,125 501 35,21001
277,375 504,5 37,73
274,75 500,5 35,14999
274,1875 500,5 35,21001
273,5625 500,5 35,19
273,9375 502,5 34,99001
272,75 501,5 34,8
272,875 503 34,88
272,125 503 34,83
271,0625 502,5 34,69
271,25 500,5 35,33
279,0625 506 36,10001
269,125 501 34,97
267,8125 501 34,89999
267,375 502,5 34,55
265,8125 501,5 34,69
266,0625 504 34,19
271,125 504 34,75
269,25 502,5 34,46001
268,4375 503,5 34,44
267,25 504,5 34,31
324,4375 501 42,58
323,5 501,5 42,14999
321,8125 500 39,60001
321,875 502 41,52
320,25 500 39,59
324,375 506 42,24001
323,8125 507 41,92
321,4375 503,5 41,38
319,5 501,5 39,66
318,875 501,5 39,64999
319,8125 504,5 40,45
317,0625 500,5 41,42
316,375 500 41,99001
318,625 505,5 39,95
317,9375 505 39,87
317,1875 505 39,92999
316,5 504,5 42,00999
315,75 504,5 42,25999
315 504 42,50999
313,8125 501,5 44,66
323,3125 507,5 42,03
321,25 505 41,25999
322,1875 508 41,2
321,625 508 40,98
320,125 506,5 40,36
320,25 508 40,28999
320,25 510 40,37
319 509,5 41,34
316,6875 507 39,89
312 501 45,42
310,0625 500 46,21001
309,9375 502 46,22
308,75 501,5 46,00999
307,3125 500,5 45,37
308,1875 504 45,75999
315,8125 506 40,96001
315,0625 505,5 41,06
314,375 505,5 44,06
313,625 505 44,71001
312,9375 505 44,99001
312,1875 504,5 45,33
311,4375 504 45,61
310,75 504 45,85001
310 503,5 47,24001
309,625 504 46,3
310,25 506,5 46,07001
309,3125 506 46,21001
309,75 508 37,87
316,0625 509 41,2
305,6875 500,5 44,69
306,1875 503 44,91
305,9375 503,5 44,75
305,3125 504 44,53999
304,6875 505,5 37,50999
307,875 506 45,64
307,375 506,5 45,42999
307,25 508 37,35001
305,25 506,5 44,59
304,3125 508 37,49001
293,4375 428,5 40,03
275,75 434,5 45,57001
280,8125 437 46,42
290,875 446 40,14999
302,5 439,5 40,17999
312,625 434 41,11
323,75 441,5 41,33
330,3125 442 41,99001
276,75 448,5 45,92999
282,3125 458 45,82001
308,0625 448,5 47,52
298 460 39,35001
311,125 452,5 48,14
317,1875 461,5 45,10001
273,75 471 36,13
279,75 471 43,53
287,375 478 44,63
297,4375 473,5 38,75
309,5625 470,5 48,14999
322,75 479 42,09
272,6875 491 42,69
290,875 485 41,31
281,8125 493,5 37,00999
306,5625 485,5 39,39
314,625 480 46,75999
323,75 487,5 43,88
270,6875 499,5 35,72
280,8125 500 35,96001
304,5625 499 42,31
314,625 497 42,92999
312,125 508 39,92999
